number of objects
6
---
floor
material
0.1 0.1 0.1
0.9 0.4 0.6
0.2 0.2 0.2
0.9 0.4 0.6
0.3 0.3 0.3
0.1 0.1 0.1
0
0
0.0
0.0
---
sphere
600 400 400
100
material
0.1 0.1 0.1
0.7 0.3 1.0
0.2 0.2 0.2
0.24 0.56 0.8
0.3 0.3 0.3
0.75 0.75 0.75
0
1
0.0
1.1
---
sphere
500 450 600
100
material
0.1 0.1 0.1
0.7 0.3 1.0
0.2 0.2 0.2
0.36 0.55 0.5
0.3 0.3 0.3
0.75 0.75 0.75
0
1
0.0
1.1
---
sphere
700 350 200
100
material
0.1 0.1 0.1
0.7 0.3 1.0
0.2 0.2 0.2
0.62 0.4 0.3
0.3 0.3 0.3
0.75 0.75 0.75
0
1
0.0
1.1
---
box
700 100 400
1000 60 700
material
0.1 0.1 0.1
0.7 0.3 1.0
0.2 0.2 0.2
0.3 0.5 0.6
0.3 0.3 0.3
0.75 0.75 0.75
1
0
0.5
0.0
---
box
200 200 800
500 700 1100
material
0.1 0.1 0.1
0.7 0.3 1.0
0.2 0.2 0.2
0.5 0.3 0.6
0.3 0.3 0.3
0.75 0.75 0.75
1
0
0.5
0.0
number of lights
2
---
directional
0.0 -1.0 0.0
0.5 0.7 0.4
---
positional
1100 1300 0.0
0.36 0.72 0.54